---
build/images/5374_image.png: 2018-07-02 06:32:05.136361548 +00:00
build/images/ogp.png: 2018-07-02 06:32:22.904882347 +00:00
build/images/arrow_simple.png: 2018-07-02 06:31:45.031771924 +00:00
build/images/5374_image_01.png: 2018-07-02 06:31:56.156098224 +00:00
build/images/5374_image_02.png: 2018-07-02 06:31:54.672054701 +00:00
build/images/5374_image_03.png: 2018-07-02 06:31:46.603818043 +00:00
build/images/5374_image_03_crop.png: 2018-07-02 06:32:02.928296809 +00:00
build/images/arrow_circle.png: 2018-07-02 06:31:45.115774389 +00:00
build/images/logo.png: 2018-07-02 06:31:46.375811354 +00:00
